'K' <- 5

'waitingTime' <- c(
NA,
NA,
NA,
NA,
NA,
0.6288850323697552,
0.6288850323697552,
0.05359596535830518,
-0.9380207159377466,
-0.5973890315230724,
0.500201951590878,
-0.7639200772369131,
-1.081842982690609,
0.6137458463957695,
-0.9380207159377466,
0.7272897412006609,
0.40179724275997236,
1.5902233417178355,
-0.014530371524629567,
-1.0969821686645946,
-1.2256652494434717,
-1.1272605406125658,
-0.7790592632108986,
-1.0742733897036163,
-1.2180956564564789,
-1.0061470528206815,
-0.7336417052889421,
-1.0742733897036163,
0.11415270925424734,
-1.1423997265865513,
0.5380499165258419,
-0.8396160071068408,
0.05359596535830518,
-0.9682990878857177,
-0.11293508035553552,
0.7727072991226176,
2.226069152625228,
0.7121505552266757,
-0.8471856000938335,
-1.2862219933394137,
-1.1651085055475294,
1.27230043626414,
-0.7260721123019493,
-0.26432694009539076,
-1.308930772300392,
0.5077715445778709,
-1.0288558317816598,
-0.7866288561978914,
-0.15078304529049932,
-0.4535667647702098,
-0.14321345230350674,
-0.24918775412140529,
-1.3467787372353557,
1.469109853925952,
-0.5065539156791591,
0.4699235796429071,
1.105769390550299,
0.05359596535830518,
0.6591634043177261,
-0.9910078668466961,
0.35637968483801563,
0.886251193927509,
-1.3921962951573121,
0.15957026717620373,
0.6515938113307332,
-0.415718799835246,
2.354752233404105,
0.28068375496808806,
0.5304803235388492,
1.3631355521080528,
0.008178407436348503,
0.09901352328026186,
-1.1726780985345222,
1.7794631663926548,
0.9997950887324004,
-0.42328839282223885,
-1.2937915863264065,
-1.119690947625573,
-1.2332348424304644,
-1.1953868774955005,
0.5986066604217842,
0.8711120079535233,
-0.11293508035553552,
0.2579749760071097,
1.703767236522727,
1.9157158401585248,
1.9762725840544666,
2.3774610123650834,
0.7878464850966033,
-0.9834382738597032,
0.4169364287339578,
-1.2559436213914428,
-1.3619179232093412,
0.6591634043177261,
-1.3316395512613703,
-0.8623247860678189,
0.7878464850966033,
0.9922254957454075,
-0.37787083490028217,
-0.9001727510027828,
1.5977929347048285,
1.461540260938959,
1.514527411847908,
-0.3475924629523113,
-0.9228815299637612,
-0.8244768211328551,
0.9846559027584146,
-1.210526063469486,
0.023317593410334243,
1.4085531100300095,
-1.0137166458076743,
0.15200067418921115,
-0.2037701961994486,
-1.2332348424304644,
0.8484032289925452,
0.3033925339290664,
0.5077715445778709,
-0.7866288561978914,
0.44721480068192876,
-0.5519714736011158,
-0.5065539156791591,
0.3866580567859866,
-0.5822498455490867,
1.3631355521080528,
-0.059947929446586244,
0.4547843936689216,
-1.0969821686645946,
-0.6125282174970579,
1.469109853925952,
-0.8698943790548117,
0.09144393029326899,
-1.0969821686645946,
-1.1121213546385802,
6.088144493559026E-4,
0.5456195095128347,
1.7189064224967128,
0.48506276561689254,
-1.0894125756776019,
-0.6503761824320218,
-0.49898432269216647,
-0.8320464141198479,
1.325287587173089,
2.263917117560192,
-0.3703012419132896,
0.5229107305518563,
-0.7487808912629276,
-0.5746802525620941,
0.37151887081200113,
-0.7941984491848841,
-0.06751752243357911,
0.43207561470794326,
-1.3846267021703196,
0.6515938113307332,
0.18984863912417496,
0.7424289271746466,
0.15200067418921115,
-0.059947929446586244,
-1.119690947625573,
-0.30217490503035455,
-0.9834382738597032,
1.5372361908088865,
0.31853171990305185,
2.3623218263910974,
-0.9380207159377466,
-0.8244768211328551,
1.8551590962625824,
0.9240991588624728,
-0.49898432269216647,
1.5372361908088865,
2.226069152625228,
-0.30217490503035455,
-1.240804435417457,
-1.2029564704824933,
1.2193132853551905,
-0.3324532769783258,
-1.2559436213914428,
0.2049878250981604,
2.2336387456122204,
0.15957026717620373,
0.7424289271746466,
-0.13564385931651388,
-0.13564385931651388,
-0.4611363577572027,
-0.31731409100434005,
1.4009835170430165,
0.4245060217209504,
-1.1878172845085078,
2.021690141976423,
-0.8774639720418046,
1.1966045063942123,
-1.0364254247686526,
-0.7487808912629276,
0.4169364287339578,
-0.9077423439897755,
-0.5065539156791591,
0.5304803235388492,
-0.6125282174970579,
-0.89260315801579,
1.4539706679519662,
-0.8093376351588697,
0.689441776265697,
1.5296665978218937,
-0.18863101022546314,
1.9081462471715318,
-0.3930100208742677,
0.1292918952282328,
0.7045809622396828,
1.431261888990988,
-0.8774639720418046,
-1.1045517616515874,
2.180651594703271,
-1.119690947625573,
0.6288850323697552,
-0.6503761824320218,
1.0452126466543572,
-0.044808743472600776,
-1.149969319573544,
-0.6806545543799927,
-0.8471856000938335,
-1.0439950177556452,
1.6129321206788143,
-0.7790592632108986,
-0.6352369964580361,
-0.6276674034710434,
-1.3240699582743773,
-1.3467787372353557,
0.37151887081200113,
1.3934139240560242,
-1.0137166458076743,
0.3488100918510228,
-1.1272605406125658,
0.008178407436348503,
0.7424289271746466,
-0.014530371524629567,
-0.052378336459593375,
-0.18863101022546314,
0.5304803235388492,
0.500201951590878,
-0.3703012419132896,
-0.9077423439897755,
-1.1045517616515874,
1.242022064316169,
1.469109853925952,
-0.8396160071068408,
0.9013903799014947,
0.31853171990305185,
-0.7790592632108986,
-1.051564610742638,
-1.1423997265865513,
-0.35516205593930383,
1.2268828783421832,
-0.9531599019117322,
-1.240804435417457,
2.3320434544431268,
0.35637968483801563,
-0.6730849613929999,
1.484249039899937,
-0.6655153684060072,
0.37151887081200113,
1.9989813630154452,
1.461540260938959,
-0.960729494898725,
0.31096212691605896,
-0.5671106595751012,
-0.6276674034710434,
0.4169364287339578,
-1.2256652494434717,
1.900576654184539,
-0.7185025193149565,
1.3555659591210605,
-1.0137166458076743,
-0.6957937403539782,
-0.5519714736011158,
-0.8850335650287973,
-0.5973890315230724,
0.7424289271746466,
1.325287587173089,
-1.1726780985345222,
0.5077715445778709,
-0.4081492068482534,
-0.8017680421718769,
-0.5822498455490867,
1.4993882258739228,
-0.37787083490028217,
-0.9077423439897755,
-0.8471856000938335,
-0.89260315801579,
1.332857180160082,
0.31096212691605896,
0.44721480068192876,
-0.9153119369767684,
-0.3627316489262967,
-0.47627554373118813,
-1.2483740284044498,
-0.7790592632108986,
0.6591634043177261,
1.7416152014576909,
0.6137458463957695,
-0.014530371524629567,
1.5069578188609156,
1.2193132853551905,
-1.3165003652873846,
1.9232854331455176,
-1.2180956564564789,
2.1503732227553005,
-1.1726780985345222,
0.7045809622396828,
-0.029669557498615308,
-0.03723915048560791,
-0.7790592632108986,
-0.9682990878857177,
1.0452126466543572,
-0.7563504842499202,
0.6743025902917119,
0.09144393029326899,
-1.2332348424304644,
-0.3703012419132896,
-1.3619179232093412,
-0.49141472970517364,
-1.149969319573544,
1.8097415383406261,
-1.0667037967166235,
-0.7109329263279638,
-1.2332348424304644,
-1.0742733897036163,
1.1738957274332338,
0.5077715445778709,
-1.1953868774955005,
-0.89260315801579,
-0.9985774598336887,
-0.9758686808727104,
-1.1651085055475294,
-1.2256652494434717,
-0.32488368399133294,
-0.9001727510027828,
0.47749317262989993,
-0.03723915048560791,
-0.9380207159377466,
-0.6200978104840505,
-0.7790592632108986,
-0.6806545543799927,
1.1436173554852629,
-1.0364254247686526,
-1.0591342037296307,
0.35637968483801563,
-0.19620060321245603,
0.008178407436348503,
0.8029856710705885,
-0.8320464141198479,
1.3025788082121108,
-0.960729494898725,
1.8248807243146115,
1.5372361908088865,
-0.7412112982759348,
0.4623539866559142,
-0.30217490503035455,
-0.21890938217343436,
1.4918186328869298,
0.32610131289004474,
0.2882533479550809,
1.658349678600771,
0.12172230224123994,
1.1587565414592484,
0.030887186397326842,
0.9240991588624728,
2.0746772928853727,
1.620501713665807,
1.1587565414592484,
0.3336709058770373,
0.8181248570445743,
0.5607586954868202,
-0.6428065894450289,
-0.49141472970517364)

'eruptionTime' <- c(
-1.9364636734399063,
-0.7490529138244593,
0.5499947548146624,
1.3010066882466544,
0.1541911682761802,
-0.27713325295165314,
-0.728755294001973,
-0.5815975502889472,
-0.05893383985992583,
-0.246686823217924,
-0.7084576741794865,
1.1639977544448719,
0.9914679859537391,
1.5800989608058407,
0.2861256971223407,
1.5395037211608682,
1.6105453905395706,
-1.007847566561159,
-0.9317314922268356,
-0.10460348446051987,
0.4535810606578527,
0.4535810606578527,
-0.5105558809102454,
-0.3075796826853826,
0.08314949889747796,
-0.16549634392797885,
1.0269888206430902,
0.7986405976401195,
1.4836852666490312,
0.8493846471963352,
1.686661464873894,
-0.3481749223303554,
1.6359174153176783,
0.09837271376434288,
-0.7744249386025671,
-0.27205884799603186,
-0.7439785088688375,
1.4633876468265448,
0.5753667795927703,
-0.053859434904304185,
0.6514828539270938,
-1.8755708139724476,
1.3466763328472489,
-0.6983088642682436,
0.36731617641228587,
1.473536456737788,
0.0019590196075331442,
0.839235837285092,
1.3314531179803843,
1.2553370436460607,
-0.7135320791351081,
1.4227924071815723,
0.07807509394185667,
-2.0734726072416887,
-0.38369575701970615,
1.651140630184543,
0.11867033358682907,
-0.8200945832031611,
-0.1959427736617083,
-0.13504991419424936,
-1.738561880170665,
-0.13504991419424936,
0.2556792673886116,
-0.855615417892512,
-0.8505410129368906,
1.1132537048886562,
-1.4391719877889924,
-0.7338296989575943,
-0.7439785088688375,
-2.17496070635412,
1.2654858535573033,
1.6105453905395706,
0.2556792673886116,
-2.0075053428186083,
-2.0582493923748237,
1.1741465643561153,
-0.0893802695936553,
-0.053859434904304185,
0.4941763003028251,
0.8138638125069841,
-0.7794993435581887,
-1.951686888306771,
1.321304308069141,
-0.6830856494013786,
-1.9415380783955278,
-0.7236808890463514,
-0.6881600543570002,
-1.1194844755848337,
-1.033219591339267,
1.047286440465576,
1.6562150351401643,
0.037479854296883906,
0.11359592863120743,
1.4177180022259503,
0.06285187907499175,
0.027331044385640987,
1.412643597270329,
-0.515630285865867,
1.1842953742673585,
0.9204263165750368,
-1.0535172111617535,
-1.8045291445937455,
-1.0281451863836455,
-0.6729368394901357,
-0.4293654016203002,
1.2451882337348175,
-1.7487106900819085,
0.8696822670188211,
1.5445781261164895,
-1.2361957895641298,
0.32164653181169184,
-0.7186064840907297,
1.356825142758492,
0.022256639430019348,
-0.03863622003743962,
-0.6983088642682436,
-0.9114338724043494,
-0.6069695750670551,
-0.9723267318718082,
-0.2517612281735453,
-0.3177284925966259,
0.017182234474397706,
-0.693234459312622,
-0.78457374851381,
1.4481644319596803,
-0.7947225584250532,
0.23030724261050373,
1.1944441841786018,
-2.1546630865316336,
0.17448878809866641,
-0.7338296989575943,
-0.19086836870608667,
-0.24161241826230237,
1.3111554981578977,
-1.0179963764724023,
-1.1245588805404552,
-0.7541273187800809,
0.2556792673886116,
-0.5815975502889472,
-0.5004070709990024,
-0.2517612281735453,
-1.2311213846085083,
-0.7896481534694316,
1.4024947873590858,
-2.3931601194458474,
1.052360845421198,
-0.62219278993392,
-0.7439785088688375,
-0.5765231453333259,
-0.9266570872712141,
-0.6729368394901357,
0.2912001020779623,
1.6612894400957863,
1.3365275229360056,
1.5800989608058407,
1.6460662252289209,
1.28578347337979,
-0.140124319149871,
1.3111554981578977,
0.9153519116194155,
-1.855273194149961,
1.438015622048437,
-1.0788892359398612,
-0.0893802695936553,
-0.17564515383922175,
-1.951686888306771,
-2.0024309378629868,
-0.5359279056883532,
-0.3075796826853826,
-1.2869398391203455,
-0.6830856494013786,
0.6819292836608233,
-0.07923145968241202,
-0.05893383985992583,
-0.4598118313540297,
-0.10967788941614151,
-0.7236808890463514,
-1.033219591339267,
1.4887596716046525,
-0.7084576741794865,
-0.5714487403777043,
-0.7490529138244593,
-0.5105558809102454,
-0.6018951701114338,
-1.04336840125051,
-0.8200945832031611,
0.037479854296883906,
-1.479767227433965,
0.8341614323294699,
-2.0227285576854728,
-0.19086836870608667,
-0.06908264977116911,
-0.02848741012619634,
0.012107829518776064,
-0.2974308727741397,
-1.971984508129257,
-0.6881600543570002,
0.7275989282614174,
-1.0382939962948885,
1.016840010731847,
-0.28220765790727476,
-0.5815975502889472,
-0.6475648147120279,
-0.9266570872712141,
-0.5308535007327315,
1.316229903113519,
-1.0179963764724023,
-0.4293654016203002,
-0.38877016197532777,
0.5144739201253112,
-1.04336840125051,
0.05777747411937011,
1.6359174153176783,
1.0371376305543327,
-0.1198266993273848,
1.3821971675366,
-0.1959427736617083,
-0.5714487403777043,
0.7428221431282819,
0.9407239363975234,
-1.3326094837209397,
0.778342977817633,
0.8290870273738487,
1.0878816801105484,
0.6362596390602292,
0.36731617641228587,
1.4177180022259503,
-0.8657642278037552,
0.3013489119892056,
1.3923459774478426,
0.5246227300365546,
1.438015622048437,
-0.7947225584250532,
-0.5511511205552181,
1.5395037211608682,
-0.7794993435581887,
0.3368697466785564,
-2.134365466709147,
-0.7490529138244593,
0.6464084489714721,
0.8544590521519565,
-0.44966302144278675,
-1.1347076904516984,
0.8443102422407133,
-0.21116598852857288,
-0.8454666079812689,
-0.39891897188657105,
0.6667060687939583,
0.9914679859537391,
1.2451882337348175,
-0.23146360835105909,
0.6413340440158505,
0.6565572588827154,
-1.2057493598304003,
1.6359174153176783,
-0.20609158357295124,
-0.5207046908214886,
1.016840010731847,
-0.12490110428300608,
-0.5257790957771102,
-1.9110916486617984,
0.8341614323294699,
1.5192061013383817,
1.199518589134223,
-0.32787730250786884,
-0.7135320791351081,
0.6159620192377426,
-0.5612999304664611,
1.2350394238235742,
-1.5355856819458025,
0.448506655702231,
-0.6577136246232708,
-0.5511511205552181,
0.4992507052584467,
-0.5054814759546237,
1.686661464873894,
-0.4293654016203002,
0.48910189534720344,
-0.2872820628628964,
1.4278668121371936,
-0.5308535007327315,
-0.44458861648716513,
-1.1753029300966709,
-0.7693505336469454,
-0.18579396375046503,
0.0882239038530996,
1.1081792999330349,
-0.6424904097564063,
-0.6627880295788924,
-0.728755294001973,
0.8138638125069841,
1.2756346634685465,
1.072658465243684,
0.12881914349807236,
-0.33295170746349045,
-1.6928922355700706,
-0.14519872410549264,
1.554726936027733,
1.6308430103620564,
-0.4953326660433808,
-0.6171183849782984,
0.5804411845483919,
-0.6729368394901357,
-0.15534753401673557,
-1.647222590969477,
0.18971200296553098,
1.7171078946076233,
1.3517507378028701,
-0.6374160048007845,
-0.023413005170574697,
0.43328344083536646,
-0.4953326660433808,
0.9914679859537391,
1.4887596716046525,
1.5648757459389762,
-0.14519872410549264,
-0.7135320791351081,
0.2861256971223407,
-0.43951421153154346,
0.47895308543596055,
-0.1198266993273848,
0.32672093676731345,
0.9153519116194155,
-0.013264195259331778,
-0.22131479843981616,
-1.7537850950375298,
1.5141316963827605,
0.16941438314304477,
1.047286440465576,
-0.34310051737473374,
0.21000962278801716,
0.5652179696815269,
0.519548325080933,
1.1589233494892506,
-0.34310051737473374,
1.7221822995632445,
-0.8403922030256473,
0.9559471512643879,
1.1335513247111428,
1.0675840602880626,
1.3771227625809779,
-2.1242166567979046,
-0.11475229437176315,
-0.39384456693094944,
1.3720483576253566,
1.260411448601682,
-0.7947225584250532,
-2.383011309534604,
-0.5257790957771102,
-0.6983088642682436,
1.0269888206430902,
-0.9317314922268356,
-0.6424904097564063,
1.260411448601682,
-0.08430586463803366,
1.224890613912331,
1.2147418040010876,
-1.0738148309842395,
-0.7592017237357022,
-0.78457374851381,
-1.1905261449635356,
1.3872715724922213,
0.08314949889747796,
1.5090572914271392,
-0.34310051737473374,
-0.2974308727741397,
-0.008189790303710138,
-0.08430586463803366,
1.4227924071815723,
0.1592655732318015,
-1.9263148635286633,
1.1792209693117373,
-0.409067781797814)